300	0	0.40244
301	0	0.42705
302	0	0.453
303	0	0.48035
304	0	0.50917
305	0	0.53189
306	0	0.55532
307	0	0.57963
308	0	0.60485
309	0	0.62701
310	0	0.64498
311	0	0.66334
312	0	0.68212
313	0	0.70131
314	0	0.71433
315	0	0.72705
316	0	0.73991
317	0	0.75293
318	0	0.76416
319	0	0.77271
320	0	0.78131
321	0	0.78995
322	0	0.79863
323	0	0.80473
324	0	0.81051
325	0	0.81629
326	0	0.82209
327	0	0.82722
328	0	0.83119
329	0	0.83516
330	0	0.83912
331	0	0.84308
332	0	0.84607
333	0	0.84887
334	0	0.85167
335	0	0.85446
336	0	0.857
337	0	0.85904
338	0	0.86107
339	0	0.8631
340	0	0.86512
341	0	0.86674
342	0	0.86827
343	0	0.86978
344	0	0.87129
345	0	0.87271
346	0	0.87388
347	0	0.87504
348	0	0.87621
349	0	0.87736
350	0	0.87834
351	0	0.87926
352	0	0.88018
353	0	0.88109
354	0	0.88196
355	0	0.8827
356	0	0.88344
357	0	0.88417
358	0	0.8849
359	0	0.88555
360	0	0.88615
361	0	0.88676
362	0	0.88736
363	0	0.88794
364	0	0.88845
365	0	0.88895
366	0	0.88946
367	0	0.88996
368	0	0.89041
369	0	0.89084
370	0	0.89126
371	0	0.89169
372	0	0.89211
373	0	0.89247
374	0	0.89284
375	0	0.89321
376	1.00E-12	0.89357
377	2.00E-12	0.89391
378	2.00E-12	0.89423
379	3.00E-12	0.89455
380	5.00E-12	0.89486
381	7.00E-12	0.89518
382	1.00E-11	0.89546
383	1.30E-11	0.89574
384	1.90E-11	0.89602
385	2.70E-11	0.8963
386	3.70E-11	0.89656
387	5.30E-11	0.89681
388	7.30E-11	0.89705
389	1.03E-10	0.8973
390	1.43E-10	0.89754
391	1.97E-10	0.89777
392	2.71E-10	0.89799
393	3.72E-10	0.89821
394	5.09E-10	0.89843
395	6.98E-10	0.89864
396	9.51E-10	0.89884
397	1.29E-09	0.89904
398	1.77E-09	0.89924
399	2.40E-09	0.89943
400	3.26E-09	0.89962
401	4.36E-09	0.8998
402	5.80E-09	0.89998
403	7.74E-09	0.90016
404	1.03E-08	0.90033
405	1.37E-08	0.90049
406	1.82E-08	0.90066
407	2.40E-08	0.90082
408	3.18E-08	0.90098
409	4.20E-08	0.90113
410	5.54E-08	0.90129
411	7.19E-08	0.90144
412	9.30E-08	0.90158
413	1.21E-07	0.90173
414	1.56E-07	0.90187
415	2.01E-07	0.90201
416	2.59E-07	0.90214
417	3.33E-07	0.90228
418	4.30E-07	0.90241
419	5.51E-07	0.90254
420	7.07E-07	0.90267
421	8.89E-07	0.90279
422	1.12E-06	0.90292
423	1.40E-06	0.90303
424	1.76E-06	0.90315
425	2.21E-06	0.90327
426	2.77E-06	0.90339
427	3.46E-06	0.9035
428	4.33E-06	0.90361
429	5.40E-06	0.90372
430	6.73E-06	0.90383
431	8.23E-06	0.90393
432	1.01E-05	0.90404
433	1.23E-05	0.90414
434	1.50E-05	0.90424
435	1.83E-05	0.90434
436	2.23E-05	0.90444
437	2.72E-05	0.90454
438	3.30E-05	0.90463
439	4.01E-05	0.90473
440	4.87E-05	0.90482
441	5.79E-05	0.90491
442	6.90E-05	0.905
443	8.19E-05	0.90509
444	9.75E-05	0.90518
445	0.00011558	0.90526
446	0.000137337	0.90535
447	0.000163067	0.90543
448	0.000192838	0.90552
449	0.000227865	0.9056
450	0.000269942	0.90568
451	0.000313335	0.90576
452	0.000363448	0.90584
453	0.000422679	0.90592
454	0.000489609	0.90599
455	0.000566772	0.90607
456	0.000655657	0.90614
457	0.000757974	0.90622
458	0.000878544	0.90629
459	0.001014356	0.90636
460	0.001170494	0.90643
461	0.001328471	0.9065
462	0.001507068	0.90657
463	0.001708906	0.90664
464	0.001936942	0.90671
465	0.002194443	0.90678
466	0.002485194	0.90684
467	0.002813033	0.90691
468	0.003182525	0.90697
469	0.003598576	0.90704
470	0.004066516	0.9071
471	0.004520547	0.90716
472	0.0050218	0.90723
473	0.005574673	0.90729
474	0.00618371	0.90735
475	0.006875589	0.90741
476	0.007615597	0.90747
477	0.008429845	0.90752
478	0.009326152	0.90758
479	0.010313384	0.90764
480	0.011402192	0.9077
481	0.012413634	0.90775
482	0.013558195	0.90781
483	0.014767146	0.90786
484	0.016138785	0.90792
485	0.017592339	0.90797
486	0.019241715	0.90802
487	0.021052137	0.90807
488	0.02296634	0.90813
489	0.025129225	0.90818
490	0.027401978	0.90823
491	0.029496126	0.90828
492	0.031812839	0.90833
493	0.034161098	0.90838
494	0.036735084	0.90843
495	0.039310932	0.90848
496	0.041988134	0.90852
497	0.044899546	0.90857
498	0.04778811	0.90862
499	0.050946143	0.90866
500	0.05409693	0.90871
501	0.056923367	0.90875
502	0.059742041	0.9088
503	0.062932692	0.90885
504	0.06638214	0.90889
505	0.07014621	0.90893
506	0.074080937	0.90898
507	0.078644723	0.90902
508	0.083702706	0.90906
509	0.089057766	0.9091
510	0.095244385	0.90915
511	0.100865856	0.90919
512	0.107249483	0.90923
513	0.113749042	0.90927
514	0.120945491	0.90931
515	0.128032878	0.90935
516	0.135212928	0.90939
517	0.142764941	0.90943
518	0.149668977	0.90947
519	0.156664893	0.90951
520	0.162685379	0.90954
521	0.167140305	0.90958
522	0.170496345	0.90962
523	0.173839718	0.90966
524	0.176796496	0.90969
525	0.179036438	0.90973
526	0.181747302	0.90977
527	0.184630647	0.9098
528	0.187891513	0.90984
529	0.191244811	0.90987
530	0.195857406	0.90991
531	0.199935555	0.90994
532	0.205050901	0.90998
533	0.211876467	0.91001
534	0.219463319	0.91004
535	0.228507206	0.91008
536	0.239074215	0.91011
537	0.251140594	0.91014
538	0.265608907	0.91018
539	0.280877501	0.91021
540	0.297686428	0.91024
541	0.313561827	0.91027
542	0.331001461	0.9103
543	0.347281903	0.91034
544	0.362795353	0.91037
545	0.376883775	0.9104
546	0.389948845	0.91043
547	0.399037033	0.91046
548	0.404994458	0.91049
549	0.408907592	0.91052
550	0.408567488	0.91055
551	0.404613137	0.91058
552	0.397692829	0.91061
553	0.390819043	0.91064
554	0.382421553	0.91067
555	0.375348747	0.91069
556	0.368648648	0.91072
557	0.362042665	0.91075
558	0.35760811	0.91078
559	0.353889734	0.91081
560	0.352699459	0.91083
561	0.351887316	0.91086
562	0.353815377	0.91089
563	0.357020825	0.91091
564	0.362336606	0.91094
565	0.369939804	0.91097
566	0.380740166	0.91099
567	0.393063694	0.91102
568	0.40808171	0.91105
569	0.426531494	0.91107
570	0.446934313	0.9111
571	0.468225628	0.91112
572	0.491998821	0.91115
573	0.518735588	0.91117
574	0.545518935	0.9112
575	0.572908521	0.91122
576	0.600264966	0.91125
577	0.625748575	0.91127
578	0.650507927	0.91129
579	0.669291019	0.91132
580	0.682570457	0.91134
581	0.689833283	0.91136
582	0.688660383	0.91139
583	0.683605492	0.91141
584	0.671292007	0.91143
585	0.656878233	0.91146
586	0.63744545	0.91148
587	0.618014634	0.9115
588	0.595692158	0.91152
589	0.575493574	0.91155
590	0.554684997	0.91157
591	0.535692275	0.91159
592	0.517320693	0.91161
593	0.502199829	0.91163
594	0.489207506	0.91166
595	0.477439702	0.91168
596	0.468918711	0.9117
597	0.462628633	0.91172
598	0.458569765	0.91174
599	0.455873728	0.91176
600	0.456292599	0.91178
601	0.458045393	0.9118
602	0.462868154	0.91182
603	0.4690364	0.91184
604	0.477452844	0.91186
605	0.489128649	0.91188
606	0.502211392	0.9119
607	0.517673016	0.91192
608	0.535537302	0.91194
609	0.55703783	0.91196
610	0.579740584	0.91198
611	0.604257584	0.912
612	0.630734861	0.91202
613	0.658854425	0.91204
614	0.688153923	0.91206
615	0.716492474	0.91207
616	0.745939136	0.91209
617	0.774180591	0.91211
618	0.800151408	0.91213
619	0.822733641	0.91215
620	0.840860724	0.91217
621	0.85349983	0.91218
622	0.857601821	0.9122
623	0.858290792	0.91222
624	0.853035271	0.91224
625	0.841982901	0.91226
626	0.823829949	0.91227
627	0.804423273	0.91229
628	0.782136858	0.91231
629	0.755404949	0.91232
630	0.730369866	0.91234
631	0.703359246	0.91236
632	0.679171026	0.91237
633	0.653927207	0.91239
634	0.6320467	0.91241
635	0.609987974	0.91242
636	0.590185583	0.91244
637	0.57317996	0.91246
638	0.557229161	0.91247
639	0.544050157	0.91249
640	0.531962276	0.91251
641	0.521761835	0.91252
642	0.514326572	0.91254
643	0.507820308	0.91255
644	0.502948284	0.91257
645	0.499791861	0.91258
646	0.49918732	0.9126
647	0.499374747	0.91261
648	0.501143217	0.91263
649	0.505478084	0.91264
650	0.510584831	0.91266
651	0.517181635	0.91267
652	0.525378406	0.91269
653	0.536176145	0.9127
654	0.547643006	0.91272
655	0.561026752	0.91273
656	0.575784326	0.91275
657	0.592149854	0.91276
658	0.611367464	0.91278
659	0.63088876	0.91279
660	0.651820242	0.91281
661	0.674010396	0.91282
662	0.696778476	0.91283
663	0.722560763	0.91285
664	0.746649206	0.91286
665	0.771273553	0.91288
666	0.795455039	0.91289
667	0.818193316	0.9129
668	0.842186749	0.91292
669	0.861349285	0.91293
670	0.878107727	0.91294
671	0.891257823	0.91296
672	0.900723279	0.91297
673	0.906187713	0.91298
674	0.907483697	0.913
675	0.904506147	0.91301
676	0.900170684	0.91302
677	0.889425576	0.91304
678	0.87538296	0.91305
679	0.858551979	0.91306
680	0.839491904	0.91307
681	0.818766534	0.91309
682	0.797368288	0.9131
683	0.774917483	0.91311
684	0.75229013	0.91312
685	0.729869962	0.91314
686	0.708402157	0.91315
687	0.687261283	0.91316
688	0.667085826	0.91317
689	0.648386896	0.91318
690	0.630509198	0.9132
691	0.614222407	0.91321
692	0.599196136	0.91322
693	0.585189164	0.91323
694	0.572746217	0.91324
695	0.561572254	0.91326
696	0.551649034	0.91327
697	0.542954147	0.91328
698	0.535336554	0.91329
699	0.5290488	0.9133
700	0.523914695	0.91331
701	0.519910574	0.91332
702	0.517015934	0.91334
703	0.515218973	0.91335
704	0.514468729	0.91336
705	0.514783025	0.91337
706	0.516984403	0.91338
707	0.519411862	0.91339
708	0.522782326	0.9134
709	0.527287662	0.91341
710	0.532844067	0.91342
711	0.539279401	0.91344
712	0.546924174	0.91345
713	0.555407703	0.91346
714	0.565152228	0.91347
715	0.575689733	0.91348
716	0.587236106	0.91349
717	0.600095451	0.9135
718	0.613643229	0.91351
719	0.628498852	0.91352
720	0.643930316	0.91353
721	0.66021663	0.91354
722	0.677286744	0.91355
723	0.695471585	0.91356
724	0.713818848	0.91357
725	0.732597232	0.91358
726	0.751642525	0.91359
727	0.770759583	0.9136
728	0.790168107	0.91361
729	0.808731079	0.91362
730	0.826628685	0.91363
731	0.843578458	0.91364
732	0.859291971	0.91365
733	0.873172641	0.91366
734	0.885609567	0.91367
735	0.896004736	0.91368
736	0.904143572	0.91369
737	0.90985626	0.9137
738	0.912986815	0.91371
739	0.913630784	0.91372
740	0.911693811	0.91372
741	0.907378197	0.91373
742	0.900604904	0.91374
743	0.891626894	0.91375
744	0.880936563	0.91376
745	0.868580699	0.91377
746	0.854470372	0.91378
747	0.839149714	0.91379
748	0.823274612	0.9138
749	0.806353748	0.91381
750	0.789398313	0.91382
751	0.772236347	0.91382
752	0.754654706	0.91383
753	0.737625778	0.91384
754	0.720888197	0.91385
755	0.704560041	0.91386
756	0.688382089	0.91387
757	0.673167348	0.91388
758	0.658605278	0.91389
759	0.644433677	0.91389
760	0.631325126	0.9139
761	0.618976891	0.91391
762	0.607401967	0.91392
763	0.596608996	0.91393
764	0.586599529	0.91394
765	0.577174962	0.91394
766	0.568739951	0.91395
767	0.561070323	0.91396
768	0.554155827	0.91397
769	0.547985673	0.91398
770	0.54254657	0.91398
771	0.537827611	0.91399
772	0.533816397	0.914
773	0.530553639	0.91401
774	0.527908504	0.91402
775	0.525940239	0.91402
776	0.524640203	0.91403
777	0.524000943	0.91404
778	0.523985445	0.91405
779	0.524633467	0.91406
780	0.525926411	0.91406
781	0.52786094	0.91407
782	0.53034085	0.91408
783	0.533536971	0.91409
784	0.53724438	0.91409
785	0.541698635	0.9141
786	0.546790421	0.91411
787	0.552345216	0.91412
788	0.558695912	0.91412
789	0.565477133	0.91413
790	0.573084593	0.91414
791	0.581087112	0.91415
792	0.589940846	0.91415
793	0.599148333	0.91416
794	0.609224737	0.91417
795	0.619603097	0.91418
796	0.630539179	0.91418
797	0.642340541	0.91419
798	0.654343009	0.9142
799	0.667181194	0.9142
800	0.680126786	0.91421
801	0.693476439	0.91422
802	0.707562387	0.91422
803	0.721568644	0.91423
804	0.735800803	0.91424
805	0.750183642	0.91425
806	0.765026689	0.91425
807	0.779444277	0.91426
808	0.793725073	0.91427
809	0.808140099	0.91427
810	0.821801782	0.91428
811	0.834974408	0.91429
812	0.84753269	0.91429
813	0.859350204	0.9143
814	0.870299757	0.91431
815	0.880517662	0.91431
816	0.889344931	0.91432
817	0.896963418	0.91433
818	0.903283179	0.91433
819	0.908227861	0.91434
820	0.911741614	0.91435
821	0.913786948	0.91435
822	0.914346874	0.91436
823	0.913426161	0.91437
824	0.911049783	0.91437
825	0.907383084	0.91438
826	0.902283251	0.91438
827	0.895913184	0.91439
828	0.888364494	0.9144
829	0.879740834	0.9144
830	0.870152056	0.91441
831	0.859717369	0.91442
832	0.848554134	0.91442
833	0.837104499	0.91443
834	0.824851096	0.91443
835	0.812214494	0.91444
836	0.799302995	0.91445
837	0.786216378	0.91445
838	0.773398161	0.91446
839	0.76023066	0.91446
840	0.747139096	0.91447
841	0.734193981	0.91448
842	0.721788943	0.91448
843	0.70930016	0.91449
844	0.697112203	0.91449
845	0.685573816	0.9145
846	0.674089015	0.91451
847	0.66300261	0.91451
848	0.652336657	0.91452
849	0.642366648	0.91452
850	0.632572651	0.91453
851	0.623470962	0.91453
852	0.614585876	0.91454
853	0.606378198	0.91455
854	0.598417223	0.91455
855	0.591108561	0.91456
856	0.584071457	0.91456
857	0.577655971	0.91457
858	0.571531475	0.91457
859	0.565863311	0.91458
860	0.560765862	0.91458
861	0.556089818	0.91459
862	0.551734686	0.9146
863	0.547814965	0.9146
864	0.544395626	0.91461
865	0.541376472	0.91461
866	0.53870523	0.91462
867	0.536447942	0.91462
868	0.534623921	0.91463
869	0.533168554	0.91463
870	0.5321154	0.91464
871	0.531436563	0.91464
872	0.53114897	0.91465
873	0.531220376	0.91465
874	0.531657398	0.91466
875	0.532510579	0.91466
876	0.533683181	0.91467
877	0.535215735	0.91467
878	0.537106812	0.91468
879	0.539451063	0.91469
880	0.542066693	0.91469
881	0.545038164	0.9147
882	0.548364997	0.9147
883	0.55218488	0.91471
884	0.556231141	0.91471
885	0.560630918	0.91472
886	0.565383017	0.91472
887	0.570487738	0.91473
888	0.576135457	0.91473
889	0.581950665	0.91474
890	0.588113427	0.91474
891	0.594621062	0.91475
892	0.601470351	0.91475
893	0.60890156	0.91475
894	0.61643064	0.91476
895	0.624286413	0.91476
896	0.632461667	0.91477
897	0.640946269	0.91477
898	0.650023401	0.91478
899	0.659104884	0.91478
900	0.668460429	0.91479
901	0.678073943	0.91479
902	0.687926531	0.9148
903	0.697999239	0.9148
904	0.708267808	0.91481
905	0.719046474	0.91481
906	0.729632318	0.91482
907	0.740328252	0.91482
908	0.751100779	0.91483
909	0.761911869	0.91483
910	0.772723913	0.91483
911	0.783492267	0.91484
912	0.794172764	0.91484
913	0.804717124	0.91485
914	0.815077543	0.91485
915	0.825201511	0.91486
916	0.835037708	0.91486
917	0.844531298	0.91487
918	0.853628814	0.91487
919	0.862277329	0.91487
920	0.870422959	0.91488
921	0.878016591	0.91488
922	0.885008931	0.91489
923	0.89135474	0.91489
924	0.897011638	0.9149
925	0.901942074	0.9149
926	0.905993819	0.9149
927	0.909405291	0.91491
928	0.91201055	0.91491
929	0.913794875	0.91492
930	0.914749682	0.91492
931	0.91487354	0.91493
932	0.914171278	0.91493
933	0.912654221	0.91493
934	0.910340011	0.91494
935	0.907361448	0.91494
936	0.903551936	0.91495
937	0.899030566	0.91495
938	0.893835306	0.91496
939	0.88800782	0.91496
940	0.881593049	0.91496
941	0.874637365	0.91497
942	0.867190242	0.91497
943	0.859553456	0.91498
944	0.851282358	0.91498
945	0.842666566	0.91498
946	0.833756149	0.91499
947	0.824598432	0.91499
948	0.81553328	0.915
949	0.806022167	0.915
950	0.796394944	0.915
951	0.786694407	0.91501
952	0.776955962	0.91501
953	0.767515779	0.91501
954	0.75780344	0.91502
955	0.748151183	0.91502
956	0.738585353	0.91503
957	0.729131043	0.91503
958	0.72009486	0.91503
959	0.710924864	0.91504
960	0.701926172	0.91504
961	0.693114281	0.91505
962	0.684763074	0.91505
963	0.676359177	0.91505
964	0.668178558	0.91506
965	0.660229445	0.91506
966	0.652747989	0.91506
967	0.645276308	0.91507
968	0.638053358	0.91507
969	0.63128835	0.91508
970	0.624567986	0.91508
971	0.618106306	0.91508
972	0.612081885	0.91509
973	0.606131434	0.91509
974	0.600602865	0.91509
975	0.595163882	0.9151
976	0.589983821	0.9151
977	0.585197985	0.9151
978	0.580523849	0.91511
979	0.576223433	0.91511
980	0.572047949	0.91512
981	0.568122268	0.91512
982	0.564540505	0.91512
983	0.561101019	0.91513
984	0.557984412	0.91513
985	0.555021644	0.91513
986	0.552297711	0.91514
987	0.549865782	0.91514
988	0.547604382	0.91514
989	0.545615554	0.91515
990	0.543807685	0.91515
991	0.542227387	0.91515
992	0.540890634	0.91516
993	0.539762497	0.91516
994	0.538837492	0.91516
995	0.53813225	0.91517
996	0.537634194	0.91517
997	0.537356317	0.91517
998	0.5372684	0.91518
999	0.537412047	0.91518
1000	0.537728965	0.91518
1001	0.538197279	0.91519
1002	0.538848281	0.91519
1003	0.539681196	0.91519
1004	0.54069525	0.9152
1005	0.541889727	0.9152
1006	0.543264091	0.9152
1007	0.544817567	0.91521
1008	0.546549618	0.91521
1009	0.548459828	0.91521
1010	0.550547659	0.91522
1011	0.552812696	0.91522
1012	0.555254698	0.91522
1013	0.557873011	0.91523
1014	0.560667157	0.91523
1015	0.563636661	0.91523
1016	0.566781461	0.91524
1017	0.570100546	0.91524
1018	0.573593736	0.91524
1019	0.577260077	0.91524
1020	0.581099153	0.91525
1021	0.585110247	0.91525
1022	0.589292288	0.91525
1023	0.593643904	0.91526
1024	0.59816426	0.91526
1025	0.602851927	0.91526
1026	0.607705355	0.91527
1027	0.612722754	0.91527
1028	0.617902637	0.91527
1029	0.623241603	0.91528
1030	0.628737748	0.91528
1031	0.634388566	0.91528
1032	0.640190482	0.91528
1033	0.646140397	0.91529
1034	0.652233839	0.91529
1035	0.658466399	0.91529
1036	0.664834023	0.9153
1037	0.671331525	0.9153
1038	0.677952409	0.9153
1039	0.684691191	0.91531
1040	0.69154036	0.91531
1041	0.698494077	0.91531
1042	0.705542982	0.91531
1043	0.712679386	0.91532
1044	0.719894111	0.91532
1045	0.727177501	0.91532
1046	0.734519184	0.91533
1047	0.741908133	0.91533
1048	0.749333501	0.91533
1049	0.756781459	0.91533
1050	0.764240682	0.91534
1051	0.771696806	0.91534
1052	0.779136419	0.91534
1053	0.786544025	0.91535
1054	0.793904424	0.91535
1055	0.801202476	0.91535
1056	0.808421254	0.91535
1057	0.815544784	0.91536
1058	0.822556138	0.91536
1059	0.829437017	0.91536
1060	0.836171627	0.91536
1061	0.842740715	0.91537
1062	0.849126697	0.91537
1063	0.855313301	0.91537
1064	0.861282289	0.91538
1065	0.867016375	0.91538
1066	0.872498333	0.91538
1067	0.877712727	0.91538
1068	0.882643282	0.91539
1069	0.887274861	0.91539
1070	0.891593575	0.91539
1071	0.89558512	0.91539
1072	0.89923799	0.9154
1073	0.902540803	0.9154
1074	0.905482769	0.9154
1075	0.908055842	0.9154
1076	0.910251915	0.91541
1077	0.912065208	0.91541
1078	0.913490832	0.91541
1079	0.914525509	0.91542
1080	0.915167689	0.91542
1081	0.915417016	0.91542
1082	0.91527462	0.91542
1083	0.914743304	0.91543
1084	0.91382724	0.91543
1085	0.912531972	0.91543
1086	0.910864353	0.91543
1087	0.908832252	0.91544
1088	0.906445622	0.91544
1089	0.90371424	0.91544
1090	0.900649965	0.91544
1091	0.897265613	0.91545
1092	0.893573225	0.91545
1093	0.889587939	0.91545
1094	0.885323703	0.91545
1095	0.880795896	0.91546
1096	0.876020193	0.91546
1097	0.871011734	0.91546
1098	0.865786731	0.91546
1099	0.860361814	0.91547
1100	0.854753196	0.91547

