671	2.885538e+00
672	2.883553e+00
673	2.881617e+00
674	2.879697e+00
675	2.877855e+00
676	2.876060e+00
677	2.874278e+00
678	2.872574e+00
679	2.870914e+00
680	2.869297e+00
681	2.867691e+00
682	2.866160e+00
683	2.864670e+00
684	2.863221e+00
685	2.861780e+00
686	2.860412e+00
687	2.859082e+00
688	2.857791e+00
689	2.856538e+00
690	2.855290e+00
691	2.854111e+00
692	2.852968e+00
693	2.851861e+00
694	2.850788e+00
695	2.849719e+00
696	2.848715e+00
697	2.847744e+00
698	2.846806e+00
699	2.845901e+00
700	2.845027e+00
701	2.844184e+00
702	2.843341e+00
703	2.842559e+00
704	2.841807e+00
705	2.841084e+00
706	2.840389e+00
707	2.839723e+00
708	2.839085e+00
709	2.838473e+00
710	2.837889e+00
711	2.837299e+00
712	2.836766e+00
713	2.836258e+00
714	2.835776e+00
715	2.835317e+00
716	2.834883e+00
717	2.834472e+00
718	2.834084e+00
719	2.833718e+00
720	2.833375e+00
721	2.833053e+00
722	2.832752e+00
723	2.832472e+00
724	2.832213e+00
725	2.831973e+00
726	2.831753e+00
727	2.831552e+00
728	2.831370e+00
729	2.831206e+00
730	2.831060e+00
731	2.830931e+00
732	2.830820e+00
733	2.830725e+00
734	2.830646e+00
735	2.830584e+00
736	2.830537e+00
737	2.830505e+00
738	2.830487e+00
739	2.830485e+00
740	2.830527e+00
741	2.830552e+00
742	2.830590e+00
743	2.830641e+00
744	2.830705e+00
745	2.830781e+00
746	2.830869e+00
747	2.830968e+00
748	2.831078e+00
749	2.831200e+00
750	2.831331e+00
751	2.831505e+00
752	2.831656e+00
753	2.831817e+00
754	2.831988e+00
755	2.832167e+00
756	2.832354e+00
757	2.832550e+00
758	2.832754e+00
759	2.832996e+00
760	2.833215e+00
761	2.833440e+00
762	2.833672e+00
763	2.833910e+00
764	2.834154e+00
765	2.834435e+00
766	2.834691e+00
767	2.834951e+00
768	2.835216e+00
769	2.835486e+00
770	2.835792e+00
771	2.836069e+00
772	2.836351e+00
773	2.836636e+00
774	2.836924e+00
775	2.837247e+00
776	2.837540e+00
777	2.837836e+00
778	2.838134e+00
779	2.838434e+00
780	2.838767e+00
781	2.839069e+00
782	2.839373e+00
783	2.839677e+00
784	2.840014e+00
785	2.840319e+00
786	2.840624e+00
787	2.840929e+00
788	2.841265e+00
789	2.841569e+00
790	2.841872e+00
791	2.842174e+00
792	2.842506e+00
793	2.842805e+00
794	2.843102e+00
795	2.843397e+00
796	2.843721e+00
797	2.844011e+00
798	2.844299e+00
799	2.844615e+00
800	2.844897e+00
801	2.845175e+00
802	2.845482e+00
803	2.845753e+00
804	2.846020e+00
805	2.846283e+00
806	2.846574e+00
807	2.846828e+00
808	2.847078e+00
809	2.847355e+00
810	2.847595e+00
811	2.847830e+00
812	2.848091e+00
813	2.848315e+00
814	2.848533e+00
815	2.848778e+00
816	2.848984e+00
817	2.849184e+00
818	2.849410e+00
819	2.849598e+00
820	2.849778e+00
821	2.849984e+00
822	2.850151e+00
823	2.850312e+00
824	2.850496e+00
825	2.850642e+00
826	2.850812e+00
827	2.850942e+00
828	2.851065e+00
829	2.851212e+00
830	2.851319e+00
831	2.851418e+00
832	2.851540e+00
833	2.851623e+00
834	2.851729e+00
835	2.851794e+00
836	2.851851e+00
837	2.851931e+00
838	2.851970e+00
839	2.852032e+00
840	2.852053e+00
841	2.852066e+00
842	2.852101e+00
843	2.852094e+00
844	2.852110e+00
845	2.852085e+00
846	2.852051e+00
847	2.852038e+00
848	2.851985e+00
849	2.851953e+00
850	2.851880e+00
851	2.851828e+00
852	2.851735e+00
853	2.851632e+00
854	2.851551e+00
855	2.851428e+00
856	2.851327e+00
857	2.851184e+00
858	2.851062e+00
859	2.850899e+00
860	2.850757e+00
861	2.850573e+00
862	2.850378e+00
863	2.850205e+00
864	2.849990e+00
865	2.849797e+00
866	2.849561e+00
867	2.849347e+00
868	2.849090e+00
869	2.848855e+00
870	2.848578e+00
871	2.848322e+00
872	2.848024e+00
873	2.847748e+00
874	2.847429e+00
875	2.847132e+00
876	2.846792e+00
877	2.846474e+00
878	2.846114e+00
879	2.845744e+00
880	2.845395e+00
881	2.845004e+00
882	2.844635e+00
883	2.844224e+00
884	2.843835e+00
885	2.843403e+00
886	2.842994e+00
887	2.842542e+00
888	2.842113e+00
889	2.841642e+00
890	2.841193e+00
891	2.840702e+00
892	2.840234e+00
893	2.839756e+00
894	2.839236e+00
895	2.838739e+00
896	2.838201e+00
897	2.837685e+00
898	2.837128e+00
899	2.836594e+00
900	2.836019e+00
901	2.835467e+00
902	2.834874e+00
903	2.834304e+00
904	2.833693e+00
905	2.833106e+00
906	2.832479e+00
907	2.831874e+00
908	2.831230e+00
909	2.830610e+00
910	2.829981e+00
911	2.829313e+00
912	2.828668e+00
913	2.827984e+00
914	2.827325e+00
915	2.826626e+00
916	2.825951e+00
917	2.825238e+00
918	2.824549e+00
919	2.823854e+00
920	2.823120e+00
921	2.822411e+00
922	2.821664e+00
923	2.820942e+00
924	2.820183e+00
925	2.819449e+00
926	2.818709e+00
927	2.817932e+00
928	2.817181e+00
929	2.816393e+00
930	2.815631e+00
931	2.814833e+00
932	2.814061e+00
933	2.813285e+00
934	2.812473e+00
935	2.811688e+00
936	2.810867e+00
937	2.810074e+00
938	2.809246e+00
939	2.808445e+00
940	2.807642e+00
941	2.806803e+00
942	2.805993e+00
943	2.805149e+00
944	2.804333e+00
945	2.803515e+00
946	2.802664e+00
947	2.801842e+00
948	2.800987e+00
949	2.800162e+00
950	2.799335e+00
951	2.798476e+00
952	2.797648e+00
953	2.796818e+00
954	2.795957e+00
955	2.795127e+00
956	2.794266e+00
957	2.793437e+00
958	2.792607e+00
959	2.791748e+00
960	2.790920e+00
961	2.790063e+00
962	2.789238e+00
963	2.788415e+00
964	2.787563e+00
965	2.786744e+00
966	2.785928e+00
967	2.785083e+00
968	2.784272e+00
969	2.783434e+00
970	2.782630e+00
971	2.781830e+00
972	2.781002e+00
973	2.780211e+00
974	2.779423e+00
975	2.778610e+00
976	2.777833e+00
977	2.777061e+00
978	2.776264e+00
979	2.775504e+00
980	2.774719e+00
981	2.773972e+00
982	2.773231e+00
983	2.772467e+00
984	2.771741e+00
985	2.771023e+00
986	2.770282e+00
987	2.769580e+00
988	2.768887e+00
989	2.768172e+00
990	2.767497e+00
991	2.766832e+00
992	2.766146e+00
993	2.765501e+00
994	2.764866e+00
995	2.764211e+00
996	2.763599e+00
997	2.762998e+00
998	2.762378e+00
999	2.761801e+00
1000	2.761236e+00
1001	2.760654e+00
1002	2.760115e+00
1003	2.759590e+00
1004	2.759048e+00
1005	2.758552e+00
1006	2.758069e+00
1007	2.757571e+00
1008	2.757119e+00
1009	2.756683e+00
1010	2.756232e+00
1011	2.755827e+00
1012	2.755440e+00
1013	2.755039e+00
1014	2.754686e+00
1015	2.754351e+00
1016	2.754004e+00
1017	2.753706e+00
1018	2.753427e+00
1019	2.753167e+00
1020	2.752897e+00
1021	2.752677e+00
1022	2.752478e+00
1023	2.752269e+00
1024	2.752113e+00
1025	2.751977e+00
1026	2.751834e+00
1027	2.751744e+00
1028	2.751677e+00
1029	2.751602e+00
1030	2.751582e+00
1031	2.751587e+00
1032	2.751616e+00
1033	2.751639e+00
1034	2.751719e+00
1035	2.751825e+00
1036	2.751927e+00
1037	2.752086e+00
1038	2.752273e+00
1039	2.752457e+00
1040	2.752699e+00
1041	2.752971e+00
1042	2.753272e+00
1043	2.753572e+00
1044	2.753932e+00
1045	2.754324e+00
1046	2.754716e+00
1047	2.755170e+00
1048	2.755656e+00
1049	2.756175e+00
1050	2.756696e+00
1051	2.757282e+00
1052	2.757902e+00
1053	2.758526e+00
1054	2.759216e+00
1055	2.759942e+00
1056	2.760704e+00
1057	2.761472e+00
1058	2.762308e+00
1059	2.763182e+00
1060	2.764095e+00
1061	2.765016e+00
1062	2.766007e+00
1063	2.767039e+00
1064	2.768080e+00
1065	2.769194e+00
1066	2.770350e+00
1067	2.771548e+00
1068	2.772759e+00
1069	2.774044e+00
1070	2.775374e+00
1071	2.776749e+00
1072	2.778139e+00
1073	2.779606e+00
1074	2.781121e+00
1075	2.782683e+00
1076	2.784262e+00
1077	2.785921e+00
1078	2.787630e+00
1079	2.789359e+00
1080	2.791170e+00
1081	2.793033e+00
1082	2.794948e+00
1083	2.796885e+00
1084	2.798908e+00
1085	2.800986e+00
1086	2.803119e+00
1087	2.805278e+00
1088	2.807525e+00
1089	2.809830e+00
1090	2.812193e+00
1091	2.814585e+00
1092	2.817069e+00
1093	2.819615e+00
1094	2.822222e+00
1095	2.824861e+00
1096	2.827596e+00
1097	2.830396e+00
1098	2.833261e+00
1099	2.836161e+00
1100	2.839161e+00
